@GRPH
20
00000010000100000000
00000100001000000000
00001100000000000000
00000010000100000000
00000000010000000100
00000000010000000000
00000000000010000000
00100000000000010000
00000000000000010100
00000000001000000000
00000000100000000000
00000000000000001010
00000000000000100001
10000000000000000010
00010000000000001000
01000000000000000000
00100000000000000001
00000001000001000000
00000001000000000000
10001000000000000000
@NX3A
20
 2.59740858023362040e+00 -2.60618519163321240e+00 -1.21548548497291820e+01  2.69201412958021180e+00 -7.09779714874107410e+01 -1.50351848090664520e+01
 2.83928675095896610e+00 -6.66231770533219770e-02 -2.06776712323918770e+01 -1.05193389288219450e+01  1.38196948107765290e+01 -3.38477211755668040e+01
 4.77343476650015220e+00 -1.84829969424206180e+00 -1.70409423077502850e+01 -6.82074142342124200e+00  1.23651452076188430e+01  1.65560691953781290e+01
 6.17369856958896350e+00 -3.08454751442794750e+00 -1.10209457696086800e+01 -7.90872796641067040e+00 -4.95915310199488510e+00 -1.05521957733446960e+01
 2.63214487209235410e+00 -3.51413480013698190e+00 -1.69271930452580900e+01  1.51583442204875500e+01 -1.04933733910727580e+01 -1.89458759479191910e+01
 4.23901116470944220e+00 -2.20430268213427420e+00 -1.97991885487702280e+01 -6.02165622705221450e-01 -3.59226534310866930e+00 -5.37953479528169890e+01
 3.86779195374458060e+00 -4.60804524449617860e+00 -1.07317179155741050e+01  2.63051031825893950e+01 -3.33214929154422710e+01  2.48594488642921440e+00
 3.15980736752033260e+00  1.95970894391623680e-01 -1.61904590049071470e+01  1.30415141142393590e+01  6.16119384578003350e+01  6.61422018786449680e+00
-3.12707376134492620e-01 -4.09280389516709810e-01 -1.79548939415414960e+01 -1.09121231363425330e+01 -2.18422949684166920e+01 -3.59716093892248030e+01
 1.98041778109266710e+00 -3.83652991030872760e+00 -1.96156270661728200e+01 -3.96712545802366410e+00  1.73425048093798180e+01  4.53445508040425340e+01
 5.89854646178730510e-01 -1.64113347976316400e+00 -2.01870362820207530e+01  5.17008674559257560e+00  1.85861257473819810e+01  4.95801259724468720e+01
 4.84828907348275790e+00 -1.21820067921841370e+00 -1.25380331149946520e+01  2.03785483536005030e+00  1.20689143454916260e+01  3.21209129916950640e+01
 4.85618277215370680e+00 -5.94964975723308060e+00 -1.30290912958644980e+01  7.84910521574899710e-01  2.12762368246638940e+01 -3.51471713057118360e+01
 1.26112388979795780e+00 -5.29126199071207840e-01 -1.32067409040062210e+01 -2.63664442924733320e+00 -1.08910643832884820e+00 -1.28619556716130460e+01
 7.19338997991873710e+00 -4.44603078916213330e+00 -1.30958357530352560e+01 -6.52854429693193630e-01 -1.31401203433693770e+00  3.38248124874352670e+01
 1.78049447084757230e+00  1.17702568465545450e+00 -1.83829307123622700e+01  1.71857307423570620e+01  1.05628594839607980e+01 -2.84120511657502670e+01
 5.65271271633043780e+00 -2.78391839108266440e+00 -1.46264361198730980e+01 -7.44801945640912950e+00 -9.56650243781239950e+00  3.63421725527603810e+01
 1.07593041485573160e+00 -1.51077415877873000e+00 -1.58369358181901670e+01  9.94324396804276310e+00 -3.44577384938536340e+00 -1.98142355346382390e+01
 3.63370899916259130e+00  9.71699577176193040e-01 -1.35425404264800270e+01 -7.19537005141602130e-01 -1.39723387987030990e+01 -2.97588531153432710e+01
 3.34730487351621030e+00 -4.12185520636232640e+00 -1.42899652231042960e+01  2.29503068475803250e+01 -3.44584013134765930e+01  4.35160390307801780e+01
